20
0.469     0.469     0.469
0.290     0.000     0.759
-0.759    -0.290     0.000
0.759     0.290     0.000
-0.469     0.469    -0.469
0.000    -0.759    -0.290
-0.759     0.290     0.000
0.469    -0.469     0.469
-0.469     0.469     0.469
-0.469    -0.469     0.469
0.469    -0.469    -0.469
0.290     0.000    -0.759
-0.469    -0.469    -0.469
0.000    -0.759     0.290
0.000     0.759    -0.290
-0.290     0.000     0.759
0.759    -0.290     0.000
-0.290     0.000    -0.759
0.469     0.469    -0.469
0.000     0.759     0.290
1.0 2.0 3.0